0.053 0.036 0.022 0.021 0.017 0.019 0.019 0.025 0.018 0.017 0.019 0.030
0.016 0.017 0.009 0.010 0.008 0.007 0.008 0.010 0.008 0.007 0.007 0.011
0.012 0.012 0.007 0.008 0.007 0.006 0.006 0.007 0.006 0.006 0.005 0.008
0.011 0.013 0.007 0.008 0.006 0.005 0.006 0.007 0.006 0.005 0.004 0.006
0.011 0.011 0.007 0.008 0.007 0.006 0.006 0.008 0.006 0.005 0.004 0.007
0.014 0.013 0.008 0.009 0.008 0.007 0.008 0.009 0.007 0.005 0.005 0.007
0.024 0.019 0.010 0.011 0.009 0.008 0.008 0.010 0.008 0.006 0.006 0.008
0.024 0.021 0.016 0.013 0.011 0.009 0.009 0.012 0.009 0.007 0.007 0.011
0.024 0.021 0.016 0.019 0.015 0.011 0.011 0.013 0.010 0.007 0.007 0.020
0.024 0.021 0.020 0.018 0.015 0.012 0.012 0.011 0.009 0.007 0.005 0.015
0.024 0.021 0.020 0.042 0.033 0.023 0.018 0.019 0.016 0.012 0.008 0.012
0.007 0.007 0.007 0.007 0.007 0.007 0.007 0.007 0.007 0.007 0.007 0.007