0.989 0.991 0.981 0.954 0.756 0.752 0.953 0.995 1.009 1.009 1.002 1.003                              1.004 1.006 0.959 0.933 0.926 0.936 0.968 0.964 0.977 0.974 0.989 1.011
1.003 1.001 0.924 0.948 0.951 0.959 0.958 0.949 0.952 0.957 0.964 1.002
0.993 0.996 0.886 0.901 0.911 0.923 0.935 0.939 0.946 0.962 0.973 1.001
0.995 0.997 0.965 0.982 0.978 0.978 0.984 0.976 0.968 0.939 0.939 0.999
1.024 0.997 0.984 0.986 0.979 0.984 0.985 0.992 0.995 0.995 0.988 1.014
1.339 1.019 0.985 0.985 0.966 0.981 0.989 0.988 0.995 1.002 1.030 1.036
1.339 1.037 0.977 0.987 0.965 0.976 0.976 0.989 0.987 0.997 1.030 1.048
1.339 1.037 0.963 0.979 0.967 0.969 0.970 0.963 0.978 0.984 1.016 1.071
1.339 1.037 0.982 0.975 0.962 0.960 0.955 0.947 0.962 0.976 0.999 1.237
1.339 1.037 0.982 1.032 1.072 0.965 0.961 0.951 0.958 0.973 0.980 1.089
1.016 1.016 1.016 1.016 1.016 1.016 1.016 1.016 1.016 1.016 1.016 1.016
        