0.989 0.960 1.012 1.031 0.957 1.000 1.009 1.031 1.002 1.035 0.986 0.938
1.038 0.991 0.972 0.943 0.948 0.959 0.965 0.965 0.975 0.969 0.991 0.998 
1.000 1.021 0.923 0.953 0.965 0.963 0.961 0.951 0.959 0.959 0.964 0.997 
0.992 0.997 0.879 0.901 0.908 0.918 0.929 0.939 0.944 0.962 0.973 1.010  
0.993 1.003 0.965 0.975 0.984 0.985 0.983 0.982 0.975 0.939 0.934 1.017
1.005 1.005 0.973 0.979 0.982 0.989 0.986 0.990 0.990 0.999 0.986 1.005 
1.324 1.014 0.976 0.988 0.967 0.980 0.990 0.995 0.980 0.994 1.021 1.016 
1.324 1.049 0.974 0.991 0.961 0.968 0.978 0.981 0.979 0.987 1.011 0.983 
1.324 1.049 0.971 0.976 0.959 0.963 0.977 0.956 0.979 0.981 0.992 1.011 
1.324 1.049 0.986 1.002 0.967 0.961 0.956 0.946 0.945 0.960 0.961 1.193 
1.324 1.049 0.986 1.092 1.107 0.951 0.987 0.965 0.963 0.971 0.967 1.082 
1.041 1.041 1.041 1.041 1.041 1.041 1.041 1.041 1.041 1.041 1.041 1.041 
