1.032 1.020 0.959 0.926 0.733 0.760 0.948 1.020 0.992 1.017 1.030 0.984
1.016 1.006 0.942 0.927 0.903 0.925 0.954 0.970 0.965 0.959 0.988 1.013
1.000 1.006 0.916 0.932 0.934 0.946 0.947 0.949 0.952 0.953 0.966 1.007
1.000 0.995 0.885 0.901 0.907 0.927 0.936 0.940 0.952 0.964 0.974 1.008
0.993 0.999 0.947 0.960 0.960 0.967 0.973 0.968 0.956 0.938 0.942 0.998
1.019 0.989 0.971 0.983 0.963 0.981 0.984 0.986 0.987 0.987 0.986 1.016
1.290 1.004 0.969 0.978 0.969 0.985 0.981 0.985 0.992 1.005 1.028 1.033
1.290 1.000 0.962 0.975 0.967 0.987 0.985 0.983 0.993 0.993 1.010 1.016
1.290 1.000 0.950 0.963 0.969 0.977 0.973 0.971 0.972 0.984 0.982 1.024
1.290 1.000 0.963 0.969 0.967 0.981 0.971 0.974 0.970 0.983 0.964 1.197
1.290 1.000 0.963 1.047 1.093 1.021 0.995 0.997 0.984 0.990 0.955 1.049
1.008 1.008 1.008 1.008 1.008 1.008 1.008 1.008 1.008 1.008 1.008 1.008